intrinsics:
[[533.00371      0.         341.58612161]
 [  0.         533.15259591 234.25940057]
 [  0.           0.           1.        ]]
extrinsics:
i= 0   [[ 9.91272809e-03  9.62212583e-01 -2.72118876e-01 -8.96506577e+01]
 [ 9.86085734e-01  3.57539594e-02  1.62347096e-01 -1.29537145e+02]
 [ 1.65941746e-01 -2.69941844e-01 -9.48469682e-01  4.77077898e+02]
 [ 0.00000000e+00  0.00000000e+00  0.00000000e+00  1.00000000e+00]]
i= 1   [[-9.48402795e-02  9.75707586e-01 -1.97484246e-01 -4.67064408e+01]
 [ 7.52568521e-01  2.00130415e-01  6.27366272e-01 -8.09188900e+01]
 [ 6.51648635e-01 -8.91208345e-02 -7.53267239e-01  2.66643941e+02]
 [ 0.00000000e+00  0.00000000e+00  0.00000000e+00  1.00000000e+00]]
i= 2   [[-3.66927028e-01  9.20839731e-01 -1.31980095e-01 -4.72935600e+01]
 [ 8.99787359e-01  3.15311512e-01 -3.01598008e-01 -1.19543785e+02]
 [-2.36108586e-01 -2.29418482e-01 -9.44256266e-01  3.79951215e+02]
 [ 0.00000000e+00  0.00000000e+00  0.00000000e+00  1.00000000e+00]]
i= 3   [[-1.13413156e-02  9.71510051e-01 -2.36726839e-01 -1.17609906e+02]
 [ 9.93545032e-01 -1.57743143e-02 -1.12336281e-01 -7.98031604e+01]
 [-1.12870029e-01 -2.36472816e-01 -9.65060083e-01  3.94937254e+02]
 [ 0.00000000e+00  0.00000000e+00  0.00000000e+00  1.00000000e+00]]
i= 4   [[ 1.93947590e-01  9.71191551e-01 -1.38460475e-01 -7.49462111e+01]
 [ 8.64453944e-01 -2.35920023e-01 -4.43915669e-01 -1.02020134e+02]
 [-4.63792746e-01 -3.35963294e-02 -8.85306487e-01  3.83873891e+02]
 [ 0.00000000e+00  0.00000000e+00  0.00000000e+00  1.00000000e+00]]
i= 5   [[-8.95697180e-02  8.95645886e-01 -4.35655497e-01  6.69199538e+01]
 [ 9.92418234e-01  1.17220776e-01  3.69504906e-02 -9.52055886e+01]
 [ 8.41624303e-02 -4.29042814e-01 -8.99354741e-01  4.65152761e+02]
 [ 0.00000000e+00  0.00000000e+00  0.00000000e+00  1.00000000e+00]]
i= 6   [[-3.19775414e-01  9.01155473e-01 -2.92681563e-01 -1.11097887e+02]
 [ 9.46110754e-01  2.87011121e-01 -1.49996861e-01 -1.28066474e+02]
 [-5.11676290e-02 -3.24874483e-01 -9.44371984e-01  5.13405045e+02]
 [ 0.00000000e+00  0.00000000e+00  0.00000000e+00  1.00000000e+00]]
i= 7   [[-2.44002600e-01  9.49708335e-01 -1.96256998e-01 -4.71068923e+01]
 [ 9.16349634e-01  1.59546688e-01 -3.67216832e-01 -1.28520488e+02]
 [-3.17436732e-01 -2.69441890e-01 -9.09194692e-01  4.18263870e+02]
 [ 0.00000000e+00  0.00000000e+00  0.00000000e+00  1.00000000e+00]]
i= 8   [[-1.69209494e-01  9.03343263e-01  3.94130812e-01 -7.91148308e+01]
 [ 9.71667415e-01  8.59460451e-02  2.20172005e-01 -9.63586340e+01]
 [ 1.65016913e-01  4.20219261e-01 -8.92292100e-01  3.31865217e+02]
 [ 0.00000000e+00  0.00000000e+00  0.00000000e+00  1.00000000e+00]]
i= 9   [[ 2.41032790e-02  8.99501147e-01  4.36253045e-01 -6.24925906e+01]
 [ 9.47207203e-01 -1.60105897e-01  2.77785198e-01 -7.06016564e+01]
 [ 3.19714789e-01  4.06526492e-01 -8.55873043e-01  2.73900687e+02]
 [ 0.00000000e+00  0.00000000e+00  0.00000000e+00  1.00000000e+00]]
i= 10   [[ 1.57411104e-01  8.09600629e-01  5.65480827e-01 -6.45915459e+01]
 [ 9.82449443e-01 -1.86412477e-01 -6.59402145e-03 -1.04203061e+02]
 [ 1.00074158e-01  5.56594296e-01 -8.24735080e-01  3.20114620e+02]
 [ 0.00000000e+00  0.00000000e+00  0.00000000e+00  1.00000000e+00]]
i= 11   [[ 5.60463923e-03  9.97383557e-01 -7.20737639e-02 -8.81984973e+01]
 [ 9.29728053e-01 -3.17360164e-02 -3.66876782e-01 -1.17400111e+02]
 [-3.68204205e-01 -6.49527881e-02 -9.27473341e-01  3.94435795e+02]
 [ 0.00000000e+00  0.00000000e+00  0.00000000e+00  1.00000000e+00]]
i= 12   [[ 3.08827795e-01  9.50174159e-01 -4.23610865e-02 -1.01595151e+02]
 [ 8.37035659e-01 -2.50365620e-01  4.86506281e-01 -7.12476399e+01]
 [ 4.51659937e-01 -1.85704402e-01 -8.72649515e-01  3.74863836e+02]
 [ 0.00000000e+00  0.00000000e+00  0.00000000e+00  1.00000000e+00]]
i= 13   [[ 1.46870452e-01  8.95859269e-01  4.19362898e-01 -7.98611863e+01]
 [ 9.63096238e-01 -2.26187786e-01  1.45892842e-01 -9.49270484e+01]
 [ 2.25554220e-01  3.82459482e-01 -8.96018994e-01  3.15596778e+02]
 [ 0.00000000e+00  0.00000000e+00  0.00000000e+00  1.00000000e+00]]
