intrinsics:
[[536.98261695   0.         326.47209039]
 [  0.         536.56937577 249.33256938]
 [  0.           0.           1.        ]]
extrinsics:
i= 0   [[ 1.35496246e-02  9.61601043e-01 -2.74116476e-01 -1.87799619e+02]
 [ 9.85091244e-01  3.41816887e-02  1.68602649e-01 -1.31491970e+02]
 [ 1.71498247e-01 -2.72314243e-01 -9.46801618e-01  4.77182969e+02]
 [ 0.00000000e+00  0.00000000e+00  0.00000000e+00  1.00000000e+00]]
i= 1   [[-9.03220351e-02  9.76271959e-01 -1.96812071e-01 -1.45613832e+02]
 [ 7.48996521e-01  1.96836697e-01  6.32660673e-01 -8.15340647e+01]
 [ 6.56388713e-01 -9.02683572e-02 -7.49002992e-01  2.66971558e+02]
 [ 0.00000000e+00  0.00000000e+00  0.00000000e+00  1.00000000e+00]]
i= 2   [[-3.64462700e-01  9.20726990e-01 -1.39387054e-01 -1.46026323e+02]
 [ 9.03449793e-01  3.13330732e-01 -2.92578747e-01 -1.20975911e+02]
 [-2.25710902e-01 -2.32563246e-01 -9.46027973e-01  3.79531211e+02]
 [ 0.00000000e+00  0.00000000e+00  0.00000000e+00  1.00000000e+00]]
i= 3   [[-8.71432200e-03  9.70332234e-01 -2.41618326e-01 -2.15991057e+02]
 [ 9.94107606e-01 -1.77014888e-02 -1.06942629e-01 -8.09768214e+01]
 [-1.08046884e-01 -2.41126548e-01 -9.64460398e-01  3.95448041e+02]
 [ 0.00000000e+00  0.00000000e+00  0.00000000e+00  1.00000000e+00]]
i= 4   [[ 1.95014048e-01  9.69887782e-01 -1.45901376e-01 -1.73434370e+02]
 [ 8.66320872e-01 -2.40079848e-01 -4.38006637e-01 -1.03128220e+02]
 [-4.59845265e-01 -4.09799597e-02 -8.87052972e-01  3.84007845e+02]
 [ 0.00000000e+00  0.00000000e+00  0.00000000e+00  1.00000000e+00]]
i= 5   [[-8.69591669e-02  8.93316635e-01 -4.40934794e-01 -3.11007119e+01]
 [ 9.92390667e-01  1.16408169e-01  4.01235928e-02 -9.76365031e+01]
 [ 8.71714849e-02 -4.34090460e-01 -8.96641849e-01  4.65424562e+02]
 [ 0.00000000e+00  0.00000000e+00  0.00000000e+00  1.00000000e+00]]
i= 6   [[-3.17217317e-01  9.00507256e-01 -2.97422016e-01 -2.09047726e+02]
 [ 9.47328704e-01  2.86316580e-01 -1.43496145e-01 -1.30081410e+02]
 [-4.40624652e-02 -3.27275875e-01 -9.43900949e-01  5.13646436e+02]
 [ 0.00000000e+00  0.00000000e+00  0.00000000e+00  1.00000000e+00]]
i= 7   [[-2.39854054e-01  9.49640578e-01 -2.01625407e-01 -1.46133012e+02]
 [ 9.20861291e-01  1.56793337e-01 -3.56973853e-01 -1.30166178e+02]
 [-3.07383336e-01 -2.71290658e-01 -9.12094767e-01  4.17665589e+02]
 [ 0.00000000e+00  0.00000000e+00  0.00000000e+00  1.00000000e+00]]
i= 8   [[-1.65325538e-01  9.05053141e-01  3.91849817e-01 -1.77788771e+02]
 [ 9.70808626e-01  7.93348918e-02  2.26355001e-01 -9.71843676e+01]
 [ 1.73775942e-01  4.17833444e-01 -8.91749480e-01  3.31624918e+02]
 [ 0.00000000e+00  0.00000000e+00  0.00000000e+00  1.00000000e+00]]
i= 9   [[ 2.86658885e-02  8.99944816e-01  4.35060449e-01 -1.61335806e+02]
 [ 9.44536658e-01 -1.66835104e-01  2.82871967e-01 -7.10535448e+01]
 [ 3.27152516e-01  4.02821766e-01 -8.54813346e-01  2.73700839e+02]
 [ 0.00000000e+00  0.00000000e+00  0.00000000e+00  1.00000000e+00]]
i= 10   [[ 1.60179383e-01  8.11782316e-01  5.61562139e-01 -1.63368534e+02]
 [ 9.81223949e-01 -1.92868876e-01 -1.07611120e-03 -1.05068929e+02]
 [ 1.07434291e-01  5.51190591e-01 -8.27433868e-01  3.20030685e+02]
 [ 0.00000000e+00  0.00000000e+00  0.00000000e+00  1.00000000e+00]]
i= 11   [[ 7.36361882e-03  9.96933247e-01 -7.79094211e-02 -1.86703506e+02]
 [ 9.31727353e-01 -3.51294055e-02 -3.61455480e-01 -1.18594088e+02]
 [-3.63083897e-01 -6.99287184e-02 -9.29128655e-01  3.94441557e+02]
 [ 0.00000000e+00  0.00000000e+00  0.00000000e+00  1.00000000e+00]]
i= 12   [[ 3.13399862e-01  9.48651720e-01 -4.29003622e-02 -2.00056779e+02]
 [ 8.33000535e-01 -2.52940397e-01  4.92068353e-01 -7.23902032e+01]
 [ 4.55950254e-01 -1.89950178e-01 -8.69498876e-01  3.75282409e+02]
 [ 0.00000000e+00  0.00000000e+00  0.00000000e+00  1.00000000e+00]]
i= 13   [[ 1.50131250e-01  8.95893454e-01  4.18133383e-01 -1.78490848e+02]
 [ 9.60948329e-01 -2.31671245e-01  1.51349738e-01 -9.57328954e+01]
 [ 2.32462721e-01  3.79082251e-01 -8.95688412e-01  3.15416622e+02]
 [ 0.00000000e+00  0.00000000e+00  0.00000000e+00  1.00000000e+00]]
